xof 0303txt 0032
template ColorRGBA {
 <35ff44e0-6c7c-11cf-8f52-0040333594a3>
 FLOAT red;
 FLOAT green;
 FLOAT blue;
 FLOAT alpha;
}

template ColorRGB {
 <d3e16e81-7835-11cf-8f52-0040333594a3>
 FLOAT red;
 FLOAT green;
 FLOAT blue;
}

template Material {
 <3d82ab4d-62da-11cf-ab39-0020af71e433>
 ColorRGBA faceColor;
 FLOAT power;
 ColorRGB specularColor;
 ColorRGB emissiveColor;
 [...]
}

template TextureFilename {
 <a42790e1-7810-11cf-8f52-0040333594a3>
 STRING filename;
}

template Frame {
 <3d82ab46-62da-11cf-ab39-0020af71e433>
 [...]
}

template Matrix4x4 {
 <f6f23f45-7686-11cf-8f52-0040333594a3>
 array FLOAT matrix[16];
}

template FrameTransformMatrix {
 <f6f23f41-7686-11cf-8f52-0040333594a3>
 Matrix4x4 frameMatrix;
}

template Vector {
 <3d82ab5e-62da-11cf-ab39-0020af71e433>
 FLOAT x;
 FLOAT y;
 FLOAT z;
}

template MeshFace {
 <3d82ab5f-62da-11cf-ab39-0020af71e433>
 DWORD nFaceVertexIndices;
 array DWORD faceVertexIndices[nFaceVertexIndices];
}

template Mesh {
 <3d82ab44-62da-11cf-ab39-0020af71e433>
 DWORD nVertices;
 array Vector vertices[nVertices];
 DWORD nFaces;
 array MeshFace faces[nFaces];
 [...]
}

template MeshNormals {
 <f6f23f43-7686-11cf-8f52-0040333594a3>
 DWORD nNormals;
 array Vector normals[nNormals];
 DWORD nFaceNormals;
 array MeshFace faceNormals[nFaceNormals];
}

template MeshMaterialList {
 <f6f23f42-7686-11cf-8f52-0040333594a3>
 DWORD nMaterials;
 DWORD nFaceIndexes;
 array DWORD faceIndexes[nFaceIndexes];
 [Material <3d82ab4d-62da-11cf-ab39-0020af71e433>]
}

template Coords2d {
 <f6f23f44-7686-11cf-8f52-0040333594a3>
 FLOAT u;
 FLOAT v;
}

template MeshTextureCoords {
 <f6f23f40-7686-11cf-8f52-0040333594a3>
 DWORD nTextureCoords;
 array Coords2d textureCoords[nTextureCoords];
}

template XSkinMeshHeader {
 <3cf169ce-ff7c-44ab-93c0-f78f62d172e2>
 WORD nMaxSkinWeightsPerVertex;
 WORD nMaxSkinWeightsPerFace;
 WORD nBones;
}

template SkinWeights {
 <6f0d123b-bad2-4167-a0d0-80224f25fabb>
 STRING transformNodeName;
 DWORD nWeights;
 array DWORD vertexIndices[nWeights];
 array FLOAT weights[nWeights];
 Matrix4x4 matrixOffset;
}

template AnimTicksPerSecond {
 <9e415a43-7ba6-4a73-8743-b73d47e88476>
 DWORD AnimTicksPerSecond;
}

template Animation {
 <3d82ab4f-62da-11cf-ab39-0020af71e433>
 [...]
}

template AnimationSet {
 <3d82ab50-62da-11cf-ab39-0020af71e433>
 [Animation <3d82ab4f-62da-11cf-ab39-0020af71e433>]
}

template FloatKeys {
 <10dd46a9-775b-11cf-8f52-0040333594a3>
 DWORD nValues;
 array FLOAT values[nValues];
}

template TimedFloatKeys {
 <f406b180-7b3b-11cf-8f52-0040333594a3>
 DWORD time;
 FloatKeys tfkeys;
}

template AnimationKey {
 <10dd46a8-775b-11cf-8f52-0040333594a3>
 DWORD keyType;
 DWORD nKeys;
 array TimedFloatKeys keys[nKeys];
}


Material Robot {
 1.000000;1.000000;1.000000;1.000000;;
 32.344653;
 0.025000;0.025000;0.025000;;
 0.000000;0.000000;0.000000;;

 TextureFilename {
  "Cute_Robot_2_Albedo_BLUE.jpg";
 }
}

Frame ROBOT_LOW {
 

 FrameTransformMatrix {
  0.393701,0.000000,0.000000,0.000000,0.000000,-0.000000,-0.393701,0.000000,0.000000,0.393701,-0.000000,0.000000,0.000000,0.000000,0.000000,1.000000;;
 }

 Frame Hips {
  

  FrameTransformMatrix {
   0.731118,0.682245,0.002981,0.000000,-0.680364,0.728763,0.077519,0.000000,0.050715,-0.058704,0.996987,0.000000,-1.126808,0.474829,110.548352,1.000000;;
  }

  Frame Spine {
   

   FrameTransformMatrix {
    0.996702,-0.079918,-0.014038,0.000000,0.078096,0.991780,-0.101358,0.000000,0.022023,0.099928,0.994751,0.000000,0.000001,0.100912,6.481117,1.000000;;
   }

   Frame Spine1 {
    

    FrameTransformMatrix {
     0.986154,-0.164564,-0.020484,0.000000,0.157091,0.966588,-0.202560,0.000000,0.053134,0.196537,0.979056,0.000000,-0.000139,-0.430242,11.149971,1.000000;;
    }

    Frame Spine2 {
     

     FrameTransformMatrix {
      0.986154,-0.164564,-0.020485,0.000000,0.157091,0.966588,-0.202560,0.000000,0.053135,0.196537,0.979056,0.000000,0.000092,0.134901,18.242973,1.000000;;
     }

     Frame Neck {
      

      FrameTransformMatrix {
       0.999747,0.021882,0.005257,0.000000,-0.022215,0.996935,0.075013,0.000000,-0.003600,-0.075111,0.997169,0.000000,0.000025,0.034100,12.566590,1.000000;;
      }

      Frame Head {
       

       FrameTransformMatrix {
        0.937032,-0.346373,-0.044690,0.000000,0.349190,0.931443,0.102371,0.000000,0.006168,-0.111530,0.993742,0.000000,0.000002,0.202213,6.589752,1.000000;;
       }

       Frame Head_end {
        

        FrameTransformMatrix {
         1.000000,-0.000000,0.000000,0.000000,0.000000,1.000000,-0.000000,0.000000,-0.000000,-0.000000,1.000000,0.000000,0.000000,-0.000008,6.592880,1.000000;;
        }
       }
      }
     }

     Frame LeftShoulder {
      

      FrameTransformMatrix {
       0.995887,0.014286,0.089478,0.000000,-0.012164,0.999633,-0.024211,0.000000,-0.089791,0.023023,0.995695,0.000000,6.129057,0.705547,5.862702,1.000000;;
      }

      Frame LeftArm {
       

       FrameTransformMatrix {
        0.241527,0.201811,-0.949177,0.000000,0.096173,0.968342,0.230358,0.000000,0.965617,-0.146923,0.214472,0.000000,9.504072,-0.697422,0.025436,1.000000;;
       }

       Frame LeftForeArm {
        

        FrameTransformMatrix {
         0.670196,0.742169,-0.004864,0.000000,-0.737571,0.665286,-0.115693,0.000000,-0.082627,0.081125,0.993273,0.000000,27.007936,0.000004,0.000023,1.000000;;
        }

        Frame LeftHand {
         

         FrameTransformMatrix {
          0.964154,-0.015780,0.264874,0.000000,0.088002,0.960748,-0.263092,0.000000,-0.250326,0.276971,0.927698,0.000000,26.460502,0.000023,-0.508324,1.000000;;
         }

         Frame LeftHandMiddle1 {
          

          FrameTransformMatrix {
           0.976933,-0.093695,-0.191896,0.000000,0.090352,0.995567,-0.026117,0.000000,0.193492,0.008176,0.981068,0.000000,14.744403,1.160540,0.836548,1.000000;;
          }

          Frame LeftHandMiddle2 {
           

           FrameTransformMatrix {
            0.927614,0.030918,-0.372260,0.000000,-0.029886,0.999517,0.008543,0.000000,0.372344,0.003201,0.928089,0.000000,4.851017,0.000004,-0.000008,1.000000;;
           }

           Frame LeftHandMiddle3 {
            

            FrameTransformMatrix {
             1.000000,-0.000000,0.000000,0.000000,0.000000,1.000000,-0.000000,0.000000,0.000000,0.000000,1.000000,0.000000,3.213272,-0.000027,0.000000,1.000000;;
            }

            Frame LeftHandMiddle3_end {
             

             FrameTransformMatrix {
              1.000000,0.000000,-0.000000,0.000000,-0.000000,1.000000,0.000000,0.000000,-0.000000,0.000000,1.000000,0.000000,0.000000,0.000000,3.213280,1.000000;;
             }
            }
           }
          }
         }

         Frame LeftHandThumb1 {
          

          FrameTransformMatrix {
           0.997648,-0.035974,0.058345,0.000000,0.057154,0.906485,-0.418351,0.000000,-0.037839,0.420702,0.906409,0.000000,8.157535,5.335211,-1.205811,1.000000;;
          }

          Frame LeftHandThumb2 {
           

           FrameTransformMatrix {
            0.911215,0.386510,0.142466,0.000000,-0.410730,0.878872,0.242663,0.000000,-0.031418,-0.279633,0.959593,0.000000,2.634514,2.159168,-1.298920,1.000000;;
           }

           Frame LeftHandThumb3 {
            

            FrameTransformMatrix {
             1.000000,-0.000000,0.000000,0.000000,0.000000,1.000000,0.000000,0.000000,0.000000,-0.000000,1.000000,0.000000,2.729548,0.440178,-1.673210,1.000000;;
            }

            Frame LeftHandThumb3_end {
             

             FrameTransformMatrix {
              1.000000,0.000000,-0.000000,0.000000,-0.000000,1.000000,0.000000,0.000000,-0.000000,0.000000,1.000000,0.000000,0.000004,0.000000,3.231667,1.000000;;
             }
            }
           }
          }
         }

         Frame LeftHandIndex1 {
          

          FrameTransformMatrix {
           0.979745,0.200097,-0.007891,0.000000,-0.200049,0.979765,0.006474,0.000000,0.009026,-0.004764,0.999948,0.000000,13.965846,3.861853,0.710754,1.000000;;
          }

          Frame LeftHandIndex2 {
           

           FrameTransformMatrix {
            0.959126,-0.011670,-0.282740,0.000000,0.012113,0.999927,-0.000182,0.000000,0.282721,-0.003250,0.959197,0.000000,4.753330,0.000053,0.000000,1.000000;;
           }

           Frame LeftHandIndex3 {
            

            FrameTransformMatrix {
             1.000000,0.000000,0.000000,0.000000,0.000000,1.000000,0.000000,0.000000,-0.000000,0.000000,1.000000,0.000000,2.973000,-0.000004,-0.000023,1.000000;;
            }

            Frame LeftHandIndex3_end {
             

             FrameTransformMatrix {
              1.000000,0.000000,0.000000,0.000000,-0.000000,1.000000,0.000000,0.000000,0.000000,0.000000,1.000000,0.000000,-0.000015,-0.000008,2.972992,1.000000;;
             }
            }
           }
          }
         }

         Frame LeftHandRing1 {
          

          FrameTransformMatrix {
           0.869123,-0.172907,-0.463388,0.000000,0.179131,0.983339,-0.030946,0.000000,0.461018,-0.056111,0.885615,0.000000,14.697754,-1.487270,0.764870,1.000000;;
          }

          Frame LeftHandRing2 {
           

           FrameTransformMatrix {
            0.846992,0.048966,-0.529346,0.000000,-0.050863,0.998645,0.010993,0.000000,0.529167,0.017613,0.848335,0.000000,4.025261,0.000034,-0.000008,1.000000;;
           }

           Frame LeftHandRing3 {
            

            FrameTransformMatrix {
             1.000000,0.000000,0.000002,0.000000,0.000000,1.000000,-0.000000,0.000000,-0.000002,0.000000,1.000000,0.000000,2.945221,-0.000021,0.000011,1.000000;;
            }

            Frame LeftHandRing3_end {
             

             FrameTransformMatrix {
              1.000000,-0.000000,0.000000,0.000000,0.000000,1.000000,-0.000000,0.000000,-0.000000,-0.000000,1.000000,0.000000,-0.000008,0.000002,2.945213,1.000000;;
             }
            }
           }
          }
         }

         Frame LeftHandPinky1 {
          

          FrameTransformMatrix {
           0.827951,-0.234053,-0.509625,0.000000,0.241624,0.968951,-0.052456,0.000000,0.506079,-0.079706,0.858796,0.000000,13.560326,-3.951147,0.632690,1.000000;;
          }

          Frame LeftHandPinky2 {
           

           FrameTransformMatrix {
            0.769092,0.090180,-0.632744,0.000000,-0.105236,0.994351,0.013804,0.000000,0.630415,0.055972,0.774238,0.000000,3.915863,0.000025,0.000008,1.000000;;
           }

           Frame LeftHandPinky3 {
            

            FrameTransformMatrix {
             1.000000,-0.000000,-0.000000,0.000000,0.000000,1.000000,0.000000,0.000000,-0.000000,-0.000000,1.000000,0.000000,2.361565,-0.000036,-0.000004,1.000000;;
            }

            Frame LeftHandPinky3_end {
             

             FrameTransformMatrix {
              1.000000,0.000000,-0.000000,0.000000,-0.000000,1.000000,0.000000,0.000000,0.000000,0.000000,1.000000,0.000000,0.000000,0.000000,2.361580,1.000000;;
             }
            }
           }
          }
         }
        }
       }
      }
     }

     Frame RightShoulder {
      

      FrameTransformMatrix {
       0.984821,-0.165464,-0.052434,0.000000,-0.164385,-0.986097,0.024288,0.000000,-0.055724,-0.015300,-0.998329,0.000000,-6.129056,0.705555,5.862717,1.000000;;
      }

      Frame RightArm {
       

       FrameTransformMatrix {
        0.241594,-0.220695,-0.944948,0.000000,0.396086,0.911407,-0.111595,0.000000,0.885860,-0.347320,0.307604,0.000000,-9.504101,0.697418,-0.025009,1.000000;;
       }

       Frame RightForeArm {
        

        FrameTransformMatrix {
         0.739334,0.671949,-0.043238,0.000000,-0.667292,0.739769,0.086386,0.000000,0.090033,-0.035016,0.995323,0.000000,-27.007910,0.000000,-0.000053,1.000000;;
        }

        Frame RightHand {
         

         FrameTransformMatrix {
          0.952695,0.100153,-0.286953,0.000000,-0.142109,0.981371,-0.129288,0.000000,0.268659,0.163950,0.949180,0.000000,-26.460136,-0.000013,0.508255,1.000000;;
         }

         Frame RightHandMiddle1 {
          

          FrameTransformMatrix {
           0.985650,0.031620,-0.165816,0.000000,-0.029978,0.999474,0.012398,0.000000,0.166121,-0.007249,0.986079,0.000000,-14.744392,-1.160538,-0.836552,1.000000;;
          }

          Frame RightHandMiddle2 {
           

           FrameTransformMatrix {
            0.860508,0.036426,-0.508133,0.000000,-0.035014,0.999311,0.012342,0.000000,0.508232,0.007172,0.861190,0.000000,-4.850990,0.000002,-0.000053,1.000000;;
           }

           Frame RightHandMiddle3 {
            

            FrameTransformMatrix {
             1.000000,0.000000,-0.000000,0.000000,-0.000000,1.000000,0.000000,0.000000,0.000000,0.000000,1.000000,0.000000,-3.213203,0.000021,-0.000029,1.000000;;
            }

            Frame RightHandMiddle3_end {
             

             FrameTransformMatrix {
              1.000000,0.000000,0.000000,0.000000,-0.000000,1.000000,0.000000,0.000000,0.000000,0.000000,1.000000,0.000000,0.000008,-0.000002,3.213211,1.000000;;
             }
            }
           }
          }
         }

         Frame RightHandThumb1 {
          

          FrameTransformMatrix {
           0.991119,-0.049141,0.123561,0.000000,0.063367,0.991460,-0.113979,0.000000,-0.116905,0.120796,0.985770,0.000000,-8.157478,-5.335209,1.205750,1.000000;;
          }

          Frame RightHandThumb2 {
           

           FrameTransformMatrix {
            0.992927,0.093918,0.072634,0.000000,-0.100087,0.991206,0.086565,0.000000,-0.063865,-0.093223,0.993595,0.000000,-2.634544,-2.159163,1.299004,1.000000;;
           }

           Frame RightHandThumb3 {
            

            FrameTransformMatrix {
             1.000000,0.000000,0.000000,0.000000,0.000000,1.000000,0.000000,0.000000,-0.000000,-0.000000,1.000000,0.000000,-2.729584,-0.440172,1.673180,1.000000;;
            }

            Frame RightHandThumb3_end {
             

             FrameTransformMatrix {
              1.000000,0.000000,-0.000000,0.000000,0.000000,1.000000,0.000000,0.000000,0.000000,-0.000000,1.000000,0.000000,0.000008,-0.000002,3.231686,1.000000;;
             }
            }
           }
          }
         }

         Frame RightHandIndex1 {
          

          FrameTransformMatrix {
           0.997982,0.059200,-0.022949,0.000000,-0.058792,0.998107,0.018072,0.000000,0.023976,-0.016686,0.999574,0.000000,-13.965851,-3.861839,-0.710796,1.000000;;
          }

          Frame RightHandIndex2 {
           

           FrameTransformMatrix {
            0.956400,-0.017325,-0.291546,0.000000,0.017450,0.999845,-0.002173,0.000000,0.291539,-0.003009,0.956554,0.000000,-4.753311,-0.000040,0.000084,1.000000;;
           }

           Frame RightHandIndex3 {
            

            FrameTransformMatrix {
             1.000000,-0.000000,0.000000,0.000000,0.000000,1.000000,0.000000,0.000000,0.000000,0.000000,1.000000,0.000000,-2.973022,0.000008,-0.000051,1.000000;;
            }

            Frame RightHandIndex3_end {
             

             FrameTransformMatrix {
              1.000000,0.000000,0.000000,0.000000,0.000000,1.000000,-0.000000,0.000000,0.000000,0.000000,1.000000,0.000000,-0.000008,-0.000002,2.973022,1.000000;;
             }
            }
           }
          }
         }

         Frame RightHandRing1 {
          

          FrameTransformMatrix {
           0.947759,-0.059346,-0.313418,0.000000,0.050451,0.998062,-0.036424,0.000000,0.314972,0.018709,0.948917,0.000000,-14.697792,1.487278,-0.764919,1.000000;;
          }

          Frame RightHandRing2 {
           

           FrameTransformMatrix {
            0.792372,0.066972,-0.606351,0.000000,-0.069956,0.997374,0.018743,0.000000,0.606014,0.027567,0.794976,0.000000,-4.025253,-0.000040,0.000042,1.000000;;
           }

           Frame RightHandRing3 {
            

            FrameTransformMatrix {
             1.000000,0.000000,0.000000,0.000000,-0.000000,1.000000,-0.000000,0.000000,0.000000,0.000000,1.000000,0.000000,-2.945198,0.000032,0.000008,1.000000;;
            }

            Frame RightHandRing3_end {
             

             FrameTransformMatrix {
              1.000000,0.000000,0.000000,0.000000,0.000000,1.000000,0.000000,0.000000,0.000000,0.000000,1.000000,0.000000,0.000000,-0.000002,2.945206,1.000000;;
             }
            }
           }
          }
         }

         Frame RightHandPinky1 {
          

          FrameTransformMatrix {
           0.929985,-0.109221,-0.350996,0.000000,0.097212,0.993919,-0.051713,0.000000,0.354510,0.013972,0.934948,0.000000,-13.560333,3.951155,-0.632660,1.000000;;
          }

          Frame RightHandPinky2 {
           

           FrameTransformMatrix {
            0.746522,0.124500,-0.653609,0.000000,-0.141411,0.989583,0.026984,0.000000,0.650160,0.072284,0.756352,0.000000,-3.915810,-0.000030,-0.000013,1.000000;;
           }

           Frame RightHandPinky3 {
            

            FrameTransformMatrix {
             1.000000,0.000000,0.000002,0.000000,0.000000,1.000000,0.000000,0.000000,-0.000002,-0.000000,1.000000,0.000000,-2.361641,0.000036,-0.000050,1.000000;;
            }

            Frame RightHandPinky3_end {
             

             FrameTransformMatrix {
              1.000000,0.000000,0.000000,0.000000,0.000000,1.000000,0.000000,0.000000,0.000000,0.000000,1.000000,0.000000,0.000000,0.000000,2.361645,1.000000;;
             }
            }
           }
          }
         }
        }
       }
      }
     }
    }
   }
  }

  Frame LeftUpLeg {
   

   FrameTransformMatrix {
    0.966501,-0.191142,0.171289,0.000000,0.072497,0.843506,0.532205,0.000000,-0.246210,-0.501959,0.829107,0.000000,9.501921,-0.601299,-4.499603,1.000000;;
   }

   Frame LeftLeg {
    

    FrameTransformMatrix {
     0.971000,0.184712,-0.151790,0.000000,-0.238944,0.771122,-0.590149,0.000000,0.008041,0.609305,0.792896,0.000000,1.162624,-0.240356,-27.679251,1.000000;;
    }

    Frame LeftFoot {
     

     FrameTransformMatrix {
      0.989349,-0.003418,-0.145523,0.000000,0.009929,0.998981,0.044036,0.000000,0.145225,-0.045012,0.988375,0.000000,-0.142088,-0.510103,-52.825197,1.000000;;
     }

     Frame LeftToeBase {
      

      FrameTransformMatrix {
       0.998324,0.055501,0.016380,0.000000,-0.056127,0.997597,0.040620,0.000000,-0.014086,-0.041471,0.999041,0.000000,-0.062603,13.815606,-13.056685,1.000000;;
      }

      Frame LeftToeBase_end {
       

       FrameTransformMatrix {
        1.000000,0.000000,0.000000,0.000000,0.000000,1.000000,0.000000,0.000000,-0.000000,0.000000,1.000000,0.000000,-0.000002,0.000000,19.009261,1.000000;;
       }
      }
     }
    }
   }
  }

  Frame RightUpLeg {
   

   FrameTransformMatrix {
    0.941302,0.251245,-0.225447,0.000000,0.216225,-0.961629,-0.168867,0.000000,-0.259223,0.110208,-0.959509,0.000000,-9.501918,-0.601298,-4.499611,1.000000;;
   }

   Frame RightLeg {
    

    FrameTransformMatrix {
     0.985330,-0.136308,0.102689,0.000000,0.170646,0.794813,-0.582368,0.000000,-0.002237,0.591348,0.806413,0.000000,-1.162575,0.240368,27.679190,1.000000;;
    }

    Frame RightFoot {
     

     FrameTransformMatrix {
      0.962781,0.032034,-0.268379,0.000000,0.058265,0.945008,0.321815,0.000000,0.263929,-0.325474,0.907970,0.000000,0.142010,0.510094,52.825226,1.000000;;
     }

     Frame RightToeBase {
      

      FrameTransformMatrix {
       0.999964,-0.006041,-0.006025,0.000000,0.006226,0.999492,0.031254,0.000000,0.005833,-0.031290,0.999494,0.000000,0.062605,-13.815651,13.056707,1.000000;;
      }

      Frame RightToeBase_end {
       

       FrameTransformMatrix {
        1.000000,0.000000,0.000000,0.000000,0.000000,1.000000,-0.000000,0.000000,0.000000,0.000000,1.000000,0.000000,0.000000,-0.000001,19.009302,1.000000;;
       }
      }
     }
    }
   }
  }
 }
}

Frame Robot_L_Foot2 {
 

 FrameTransformMatrix {
  0.393701,0.000000,0.000000,0.000000,0.000000,-0.000000,-0.393701,0.000000,0.000000,0.393701,-0.000000,0.000000,0.000000,0.000000,0.000000,1.000000;;
 }

 Mesh Robot_L_Foot2 {
  120;
  6.798978;26.257355;4.308826;,
  14.193346;26.257355;4.308826;,
  6.798978;26.257355;-0.000000;,
  14.193346;26.257355;-0.000000;,
  13.557309;14.950426;4.308826;,
  14.193346;26.257355;4.308826;,
  6.798978;26.257355;4.308826;,
  7.435014;14.950426;4.308826;,
  13.557309;9.847125;-0.000000;,
  7.435014;9.847125;4.308826;,
  7.435014;9.847125;-0.000000;,
  13.557309;9.847125;4.308826;,
  7.435014;14.950426;-0.000000;,
  6.798978;26.257355;-0.000000;,
  14.193346;26.257355;-0.000000;,
  13.557309;14.950426;-0.000000;,
  17.727221;22.748738;-0.000000;,
  17.727221;22.748738;4.308826;,
  17.727221;14.950426;4.308826;,
  17.727221;14.950426;-0.000000;,
  3.265101;22.748738;4.308826;,
  3.265101;22.748738;-0.000000;,
  3.265101;14.950426;4.308826;,
  3.265101;14.950426;-0.000000;,
  17.727221;22.748738;4.308826;,
  14.193346;26.257355;-0.000000;,
  14.193346;26.257355;4.308826;,
  17.727221;22.748738;-0.000000;,
  17.727221;22.748738;4.308826;,
  17.727221;14.950426;4.308826;,
  13.557309;14.950426;-0.000000;,
  17.727221;14.950426;-0.000000;,
  17.727221;14.950426;4.308826;,
  13.557309;14.950426;4.308826;,
  17.727221;22.748738;-0.000000;,
  17.727221;14.950426;-0.000000;,
  3.265101;22.748738;-0.000000;,
  3.265101;14.950426;-0.000000;,
  3.265101;14.950426;-0.000000;,
  7.435014;14.950426;-0.000000;,
  7.435014;14.950426;4.308826;,
  3.265101;14.950426;4.308826;,
  3.265101;22.748738;4.308826;,
  3.265101;14.950426;4.308826;,
  6.798978;26.257355;4.308826;,
  3.265101;22.748738;-0.000000;,
  3.265101;22.748738;4.308826;,
  6.798978;26.257355;-0.000000;,
  13.557309;14.950426;4.308826;,
  13.557309;9.847125;4.308826;,
  13.557309;14.950426;-0.000000;,
  13.557309;9.847125;-0.000000;,
  13.557309;9.847125;-0.000000;,
  7.435014;9.847125;-0.000000;,
  7.435014;14.950426;-0.000000;,
  7.435014;9.847125;4.308826;,
  7.435014;14.950426;4.308826;,
  7.435014;9.847125;-0.000000;,
  13.557309;9.847125;4.308826;,
  7.435014;9.847125;4.308826;,
  -6.798978;26.257355;4.308826;,
  -6.798978;26.257355;-0.000000;,
  -14.193346;26.257355;4.308826;,
  -14.193346;26.257355;-0.000000;,
  -14.193346;26.257355;4.308826;,
  -13.557310;14.950426;4.308826;,
  -6.798978;26.257355;4.308826;,
  -7.435013;14.950426;4.308826;,
  -13.557310;9.847125;-0.000000;,
  -7.435013;9.847125;-0.000000;,
  -7.435013;9.847125;4.308826;,
  -13.557310;9.847125;4.308826;,
  -6.798978;26.257355;-0.000000;,
  -7.435013;14.950426;-0.000000;,
  -14.193346;26.257355;-0.000000;,
  -13.557310;14.950426;-0.000000;,
  -17.727219;22.748738;4.308826;,
  -17.727219;22.748738;-0.000000;,
  -17.727219;14.950426;4.308826;,
  -17.727219;14.950426;-0.000000;,
  -3.265101;14.950426;4.308826;,
  -3.265101;22.748738;-0.000000;,
  -3.265101;22.748738;4.308826;,
  -3.265101;14.950426;-0.000000;,
  -17.727219;22.748738;4.308826;,
  -14.193346;26.257355;4.308826;,
  -14.193346;26.257355;-0.000000;,
  -17.727219;22.748738;-0.000000;,
  -17.727219;22.748738;4.308826;,
  -17.727219;14.950426;4.308826;,
  -13.557310;14.950426;-0.000000;,
  -17.727219;14.950426;4.308826;,
  -17.727219;14.950426;-0.000000;,
  -13.557310;14.950426;4.308826;,
  -17.727219;14.950426;-0.000000;,
  -17.727219;22.748738;-0.000000;,
  -3.265101;22.748738;-0.000000;,
  -3.265101;14.950426;-0.000000;,
  -3.265101;14.950426;-0.000000;,
  -7.435013;14.950426;4.308826;,
  -7.435013;14.950426;-0.000000;,
  -3.265101;14.950426;4.308826;,
  -3.265101;14.950426;4.308826;,
  -3.265101;22.748738;4.308826;,
  -6.798978;26.257355;4.308826;,
  -3.265101;22.748738;4.308826;,
  -3.265101;22.748738;-0.000000;,
  -6.798978;26.257355;-0.000000;,
  -13.557310;14.950426;4.308826;,
  -13.557310;14.950426;-0.000000;,
  -13.557310;9.847125;4.308826;,
  -13.557310;9.847125;-0.000000;,
  -13.557310;9.847125;-0.000000;,
  -7.435013;9.847125;-0.000000;,
  -7.435013;14.950426;-0.000000;,
  -7.435013;14.950426;4.308826;,
  -7.435013;9.847125;4.308826;,
  -7.435013;9.847125;-0.000000;,
  -13.557310;9.847125;4.308826;,
  -7.435013;9.847125;4.308826;;
  72;
  3;0,1,2;,
  3;1,3,2;,
  3;4,5,6;,
  3;6,7,4;,
  3;8,9,10;,
  3;8,11,9;,
  3;12,13,14;,
  3;14,15,12;,
  3;16,17,18;,
  3;18,19,16;,
  3;20,21,22;,
  3;21,23,22;,
  3;24,25,26;,
  3;24,27,25;,
  3;4,28,5;,
  3;28,4,29;,
  3;30,31,32;,
  3;32,33,30;,
  3;34,35,15;,
  3;15,14,34;,
  3;12,36,13;,
  3;12,37,36;,
  3;38,39,40;,
  3;40,41,38;,
  3;7,6,42;,
  3;42,43,7;,
  3;44,45,46;,
  3;44,47,45;,
  3;48,49,50;,
  3;50,49,51;,
  3;15,52,12;,
  3;12,52,53;,
  3;54,55,56;,
  3;54,57,55;,
  3;7,58,4;,
  3;7,59,58;,
  3;60,61,62;,
  3;62,61,63;,
  3;64,65,66;,
  3;66,65,67;,
  3;68,69,70;,
  3;70,71,68;,
  3;72,73,74;,
  3;74,73,75;,
  3;76,77,78;,
  3;77,79,78;,
  3;80,81,82;,
  3;81,80,83;,
  3;84,85,86;,
  3;86,87,84;,
  3;64,88,65;,
  3;88,89,65;,
  3;90,91,92;,
  3;90,93,91;,
  3;75,94,95;,
  3;95,74,75;,
  3;72,96,73;,
  3;96,97,73;,
  3;98,99,100;,
  3;98,101,99;,
  3;67,102,103;,
  3;103,66,67;,
  3;104,105,106;,
  3;106,107,104;,
  3;108,109,110;,
  3;109,111,110;,
  3;75,73,112;,
  3;73,113,112;,
  3;114,115,116;,
  3;116,117,114;,
  3;67,65,118;,
  3;118,119,67;;

  MeshNormals {
   120;
   -0.305669;0.952138;-0.000015;,
   0.305669;0.952138;0.000020;,
   -0.305669;0.952138;-0.000021;,
   0.305669;0.952138;0.000015;,
   0.000000;0.000000;1.000000;,
   0.000000;0.000000;1.000000;,
   0.000000;0.000000;1.000000;,
   0.000000;0.000000;1.000000;,
   0.000000;-1.000000;0.000000;,
   0.000000;-1.000000;0.000000;,
   0.000000;-1.000000;0.000000;,
   0.000000;-1.000000;0.000000;,
   0.000000;-0.000000;-1.000000;,
   0.000000;-0.000000;-1.000000;,
   0.000000;-0.000000;-1.000000;,
   0.000000;-0.000000;-1.000000;,
   1.000000;0.000000;0.000000;,
   1.000000;0.000000;0.000000;,
   1.000000;0.000000;0.000000;,
   1.000000;0.000000;0.000000;,
   -1.000000;0.000000;0.000000;,
   -1.000000;0.000000;0.000000;,
   -1.000000;0.000000;0.000000;,
   -1.000000;0.000000;0.000000;,
   0.704566;0.709638;-0.000000;,
   0.305700;0.952128;0.000033;,
   0.305700;0.952128;-0.000022;,
   0.704566;0.709638;-0.000000;,
   0.000000;0.000000;1.000000;,
   0.000000;0.000000;1.000000;,
   0.000000;-1.000000;0.000000;,
   0.000000;-1.000000;0.000000;,
   0.000000;-1.000000;0.000000;,
   0.000000;-1.000000;0.000000;,
   0.000000;-0.000000;-1.000000;,
   0.000000;-0.000000;-1.000000;,
   0.000000;-0.000000;-1.000000;,
   0.000000;-0.000000;-1.000000;,
   0.000000;-1.000000;0.000000;,
   0.000000;-1.000000;0.000000;,
   0.000000;-1.000000;0.000000;,
   0.000000;-1.000000;0.000000;,
   0.000000;0.000000;1.000000;,
   0.000000;0.000000;1.000000;,
   -0.305700;0.952128;-0.000033;,
   -0.704566;0.709638;-0.000000;,
   -0.704566;0.709638;-0.000000;,
   -0.305700;0.952128;0.000022;,
   1.000000;0.000000;0.000000;,
   1.000000;0.000000;0.000000;,
   1.000000;0.000000;0.000000;,
   1.000000;0.000000;0.000000;,
   0.000000;-0.000000;-1.000000;,
   0.000000;-0.000000;-1.000000;,
   -1.000000;0.000000;0.000000;,
   -1.000000;0.000000;0.000000;,
   -1.000000;0.000000;0.000000;,
   -1.000000;0.000000;0.000000;,
   0.000000;0.000000;1.000000;,
   0.000000;0.000000;1.000000;,
   0.305669;0.952138;-0.000015;,
   0.305669;0.952138;-0.000021;,
   -0.305669;0.952138;0.000020;,
   -0.305669;0.952138;0.000015;,
   0.000000;0.000000;1.000000;,
   0.000000;0.000000;1.000000;,
   0.000000;0.000000;1.000000;,
   0.000000;0.000000;1.000000;,
   0.000000;-1.000000;0.000000;,
   0.000000;-1.000000;0.000000;,
   0.000000;-1.000000;0.000000;,
   0.000000;-1.000000;0.000000;,
   0.000000;-0.000000;-1.000000;,
   0.000000;-0.000000;-1.000000;,
   0.000000;-0.000000;-1.000000;,
   0.000000;-0.000000;-1.000000;,
   -1.000000;0.000000;0.000000;,
   -1.000000;0.000000;0.000000;,
   -1.000000;0.000000;0.000000;,
   -1.000000;0.000000;0.000000;,
   1.000000;0.000000;0.000000;,
   1.000000;0.000000;0.000000;,
   1.000000;0.000000;0.000000;,
   1.000000;0.000000;0.000000;,
   -0.704567;0.709638;-0.000000;,
   -0.305700;0.952128;-0.000022;,
   -0.305700;0.952128;0.000032;,
   -0.704567;0.709638;-0.000000;,
   0.000000;0.000000;1.000000;,
   0.000000;0.000000;1.000000;,
   0.000000;-1.000000;0.000000;,
   0.000000;-1.000000;0.000000;,
   0.000000;-1.000000;0.000000;,
   0.000000;-1.000000;0.000000;,
   0.000000;-0.000000;-1.000000;,
   0.000000;-0.000000;-1.000000;,
   0.000000;-0.000000;-1.000000;,
   0.000000;-0.000000;-1.000000;,
   0.000000;-1.000000;0.000000;,
   0.000000;-1.000000;0.000000;,
   0.000000;-1.000000;0.000000;,
   0.000000;-1.000000;0.000000;,
   0.000000;0.000000;1.000000;,
   0.000000;0.000000;1.000000;,
   0.305700;0.952128;-0.000022;,
   0.704566;0.709638;-0.000000;,
   0.704566;0.709638;-0.000000;,
   0.305700;0.952128;0.000022;,
   -1.000000;0.000000;0.000000;,
   -1.000000;0.000000;0.000000;,
   -1.000000;0.000000;0.000000;,
   -1.000000;0.000000;0.000000;,
   0.000000;-0.000000;-1.000000;,
   0.000000;-0.000000;-1.000000;,
   1.000000;0.000000;0.000000;,
   1.000000;0.000000;0.000000;,
   1.000000;0.000000;0.000000;,
   1.000000;0.000000;0.000000;,
   0.000000;0.000000;1.000000;,
   0.000000;0.000000;1.000000;;
   72;
   3;0,1,2;,
   3;1,3,2;,
   3;4,5,6;,
   3;6,7,4;,
   3;8,9,10;,
   3;8,11,9;,
   3;12,13,14;,
   3;14,15,12;,
   3;16,17,18;,
   3;18,19,16;,
   3;20,21,22;,
   3;21,23,22;,
   3;24,25,26;,
   3;24,27,25;,
   3;4,28,5;,
   3;28,4,29;,
   3;30,31,32;,
   3;32,33,30;,
   3;34,35,15;,
   3;15,14,34;,
   3;12,36,13;,
   3;12,37,36;,
   3;38,39,40;,
   3;40,41,38;,
   3;7,6,42;,
   3;42,43,7;,
   3;44,45,46;,
   3;44,47,45;,
   3;48,49,50;,
   3;50,49,51;,
   3;15,52,12;,
   3;12,52,53;,
   3;54,55,56;,
   3;54,57,55;,
   3;7,58,4;,
   3;7,59,58;,
   3;60,61,62;,
   3;62,61,63;,
   3;64,65,66;,
   3;66,65,67;,
   3;68,69,70;,
   3;70,71,68;,
   3;72,73,74;,
   3;74,73,75;,
   3;76,77,78;,
   3;77,79,78;,
   3;80,81,82;,
   3;81,80,83;,
   3;84,85,86;,
   3;86,87,84;,
   3;64,88,65;,
   3;88,89,65;,
   3;90,91,92;,
   3;90,93,91;,
   3;75,94,95;,
   3;95,74,75;,
   3;72,96,73;,
   3;96,97,73;,
   3;98,99,100;,
   3;98,101,99;,
   3;67,102,103;,
   3;103,66,67;,
   3;104,105,106;,
   3;106,107,104;,
   3;108,109,110;,
   3;109,111,110;,
   3;75,73,112;,
   3;73,113,112;,
   3;114,115,116;,
   3;116,117,114;,
   3;67,65,118;,
   3;118,119,67;;
  }

  MeshMaterialList {
   1;
   72;
   0,
   0,
   0,
   0,
   0,
   0,
   0,
   0,
   0,
   0,
   0,
   0,
   0,
   0,
   0,
   0,
   0,
   0,
   0,
   0,
   0,
   0,
   0,
   0,
   0,
   0,
   0,
   0,
   0,
   0,
   0,
   0,
   0,
   0,
   0,
   0,
   0,
   0,
   0,
   0,
   0,
   0,
   0,
   0,
   0,
   0,
   0,
   0,
   0,
   0,
   0,
   0,
   0,
   0,
   0,
   0,
   0,
   0,
   0,
   0,
   0,
   0,
   0,
   0,
   0,
   0,
   0,
   0,
   0,
   0,
   0,
   0;
   { Robot }
  }

  MeshTextureCoords c1 {
   120;
   0.827154;0.227969;,
   0.853923;0.227969;,
   0.827154;0.264961;,
   0.853923;0.264961;,
   0.798133;0.298900;,
   0.798133;0.350505;,
   0.755908;0.350505;,
   0.755908;0.298900;,
   0.971870;0.771856;,
   0.934878;0.749691;,
   0.971870;0.749691;,
   0.934878;0.771856;,
   0.783578;0.831284;,
   0.783578;0.882707;,
   0.741127;0.882707;,
   0.741127;0.831284;,
   0.095656;0.066825;,
   0.051960;0.066825;,
   0.051960;0.042924;,
   0.095656;0.042924;,
   0.949003;0.167418;,
   0.905307;0.167418;,
   0.949003;0.143517;,
   0.905307;0.143517;,
   0.969236;0.436272;,
   0.929597;0.419447;,
   0.969236;0.419447;,
   0.929597;0.436272;,
   0.822580;0.350505;,
   0.822580;0.298900;,
   0.373021;0.574680;,
   0.373021;0.559584;,
   0.410013;0.559584;,
   0.410013;0.574680;,
   0.716789;0.882707;,
   0.716789;0.831284;,
   0.807977;0.882707;,
   0.807977;0.831284;,
   0.973983;0.189745;,
   0.973983;0.204842;,
   0.936990;0.204842;,
   0.936990;0.189745;,
   0.731575;0.350505;,
   0.731575;0.298900;,
   0.939103;0.451978;,
   0.978741;0.468803;,
   0.939103;0.468803;,
   0.978741;0.451978;,
   0.947552;0.575306;,
   0.963192;0.575306;,
   0.947552;0.619003;,
   0.963192;0.619003;,
   0.741127;0.808222;,
   0.783578;0.808222;,
   0.932766;0.508600;,
   0.976462;0.492959;,
   0.976462;0.508600;,
   0.932766;0.492959;,
   0.798133;0.275884;,
   0.755908;0.275884;,
   0.928541;0.874805;,
   0.928541;0.911797;,
   0.955311;0.874805;,
   0.955311;0.911797;,
   0.798133;0.271627;,
   0.798133;0.220022;,
   0.755908;0.271627;,
   0.755908;0.220022;,
   0.971870;0.798278;,
   0.971870;0.776114;,
   0.934878;0.776114;,
   0.934878;0.798278;,
   0.792027;0.803964;,
   0.792027;0.752541;,
   0.749576;0.803964;,
   0.749576;0.752541;,
   0.003906;0.066825;,
   0.047602;0.066825;,
   0.003906;0.042924;,
   0.047602;0.042924;,
   0.952699;0.225234;,
   0.909003;0.249134;,
   0.952699;0.249134;,
   0.909003;0.225234;,
   0.969764;0.394106;,
   0.969764;0.377281;,
   0.930126;0.377281;,
   0.930126;0.394106;,
   0.822580;0.271627;,
   0.822580;0.220022;,
   0.941743;0.119906;,
   0.978735;0.104809;,
   0.941743;0.104809;,
   0.978735;0.119906;,
   0.725238;0.752541;,
   0.725238;0.803964;,
   0.816426;0.803964;,
   0.816426;0.752541;,
   0.978735;0.124163;,
   0.941743;0.139260;,
   0.978735;0.139260;,
   0.941743;0.124163;,
   0.731575;0.220022;,
   0.731575;0.271627;,
   0.930126;0.398364;,
   0.930126;0.415189;,
   0.969764;0.415189;,
   0.969764;0.398364;,
   0.254735;0.614826;,
   0.254735;0.658522;,
   0.270376;0.614826;,
   0.270376;0.658522;,
   0.749576;0.729480;,
   0.792027;0.729480;,
   0.932766;0.488701;,
   0.976462;0.488701;,
   0.976462;0.473061;,
   0.932766;0.473061;,
   0.798133;0.197006;,
   0.755908;0.197006;;
  }

  XSkinMeshHeader {
   1;
   1;
   2;
  }

  SkinWeights {
   "LeftToeBase";
   60;
   0,
   1,
   2,
   3,
   4,
   5,
   6,
   7,
   8,
   9,
   10,
   11,
   12,
   13,
   14,
   15,
   16,
   17,
   18,
   19,
   20,
   21,
   22,
   23,
   24,
   25,
   26,
   27,
   28,
   29,
   30,
   31,
   32,
   33,
   34,
   35,
   36,
   37,
   38,
   39,
   40,
   41,
   42,
   43,
   44,
   45,
   46,
   47,
   48,
   49,
   50,
   51,
   52,
   53,
   54,
   55,
   56,
   57,
   58,
   59;
   1.000000,
   1.000000,
   1.000000,
   1.000000,
   1.000000,
   1.000000,
   1.000000,
   1.000000,
   1.000000,
   1.000000,
   1.000000,
   1.000000,
   1.000000,
   1.000000,
   1.000000,
   1.000000,
   1.000000,
   1.000000,
   1.000000,
   1.000000,
   1.000000,
   1.000000,
   1.000000,
   1.000000,
   1.000000,
   1.000000,
   1.000000,
   1.000000,
   1.000000,
   1.000000,
   1.000000,
   1.000000,
   1.000000,
   1.000000,
   1.000000,
   1.000000,
   1.000000,
   1.000000,
   1.000000,
   1.000000,
   1.000000,
   1.000000,
   1.000000,
   1.000000,
   1.000000,
   1.000000,
   1.000000,
   1.000000,
   1.000000,
   1.000000,
   1.000000,
   1.000000,
   1.000000,
   1.000000,
   1.000000,
   1.000000,
   1.000000,
   1.000000,
   1.000000,
   1.000000;
   1.000000,0.000000,-0.000000,0.000000,0.000000,1.000000,0.000000,0.000000,0.000000,-0.000000,1.000000,0.000000,-10.459850,-12.650254,0.093507,1.000000;;
  }

  SkinWeights {
   "RightToeBase";
   60;
   60,
   61,
   62,
   63,
   64,
   65,
   66,
   67,
   68,
   69,
   70,
   71,
   72,
   73,
   74,
   75,
   76,
   77,
   78,
   79,
   80,
   81,
   82,
   83,
   84,
   85,
   86,
   87,
   88,
   89,
   90,
   91,
   92,
   93,
   94,
   95,
   96,
   97,
   98,
   99,
   100,
   101,
   102,
   103,
   104,
   105,
   106,
   107,
   108,
   109,
   110,
   111,
   112,
   113,
   114,
   115,
   116,
   117,
   118,
   119;
   1.000000,
   1.000000,
   1.000000,
   1.000000,
   1.000000,
   1.000000,
   1.000000,
   1.000000,
   1.000000,
   1.000000,
   1.000000,
   1.000000,
   1.000000,
   1.000000,
   1.000000,
   1.000000,
   1.000000,
   1.000000,
   1.000000,
   1.000000,
   1.000000,
   1.000000,
   1.000000,
   1.000000,
   1.000000,
   1.000000,
   1.000000,
   1.000000,
   1.000000,
   1.000000,
   1.000000,
   1.000000,
   1.000000,
   1.000000,
   1.000000,
   1.000000,
   1.000000,
   1.000000,
   1.000000,
   1.000000,
   1.000000,
   1.000000,
   1.000000,
   1.000000,
   1.000000,
   1.000000,
   1.000000,
   1.000000,
   1.000000,
   1.000000,
   1.000000,
   1.000000,
   1.000000,
   1.000000,
   1.000000,
   1.000000,
   1.000000,
   1.000000,
   1.000000,
   1.000000;
   1.000000,0.000000,0.000000,0.000000,0.000000,-1.000000,0.000000,0.000000,0.000000,-0.000000,-1.000000,0.000000,10.459899,12.650303,-0.093506,1.000000;;
  }
 }
}

Frame Robot_L_Foot1 {
 

 FrameTransformMatrix {
  0.393701,0.000000,0.000000,0.000000,0.000000,-0.000000,-0.393701,0.000000,0.000000,0.393701,-0.000000,0.000000,0.000000,0.000000,0.000000,1.000000;;
 }

 Mesh Robot_L_Foot1 {
  1086;
  13.638813;14.516187;-0.000000;,
  13.638813;14.516187;4.220000;,
  17.637286;14.516187;4.220000;,
  17.637286;14.516187;-0.000000;,
  17.637286;9.307425;5.043143;,
  13.638813;9.307425;5.043143;,
  16.177019;4.118268;9.306641;,
  13.638813;9.307425;5.043143;,
  14.873550;4.118268;9.306641;,
  16.177019;4.118268;9.306641;,
  14.873550;-5.496580;9.306641;,
  14.873550;-9.343186;4.938366;,
  17.637286;-7.367736;4.938366;,
  17.637286;-7.367736;4.938366;,
  16.177019;-3.521126;9.306641;,
  14.873550;-5.496580;9.306641;,
  13.638813;9.307425;-0.000000;,
  17.637286;9.307425;-0.000000;,
  17.637286;4.118268;-0.000000;,
  12.193126;4.118268;-0.000000;,
  16.177019;4.118268;9.306641;,
  17.637286;4.118268;4.938366;,
  17.637286;9.307425;5.043143;,
  3.354247;9.307425;-0.000000;,
  3.354247;4.118268;-0.000000;,
  3.354247;4.118268;4.938366;,
  3.354247;9.307425;5.043143;,
  7.352713;9.307425;-0.000000;,
  10.495766;9.307425;-0.000000;,
  7.352713;2.045590;-0.000000;,
  10.495766;2.045590;-0.000000;,
  10.495766;-10.054984;4.938366;,
  8.306871;-6.058290;9.306641;,
  6.117976;-9.343186;4.938366;,
  10.495766;9.307425;5.043143;,
  7.352713;9.307425;5.043143;,
  10.495766;4.118268;9.306641;,
  6.117976;4.118268;9.306641;,
  7.352713;9.307425;5.043143;,
  10.495766;9.307425;5.043143;,
  7.352713;9.307425;-0.000000;,
  10.495766;9.307425;-0.000000;,
  3.354247;4.118268;-0.000000;,
  3.354247;9.307425;-0.000000;,
  3.354247;-7.367736;4.938366;,
  6.117976;-9.343186;4.938366;,
  6.117976;-5.496580;9.306641;,
  6.117976;-5.496580;9.306641;,
  4.814507;-3.521126;9.306641;,
  3.354247;-7.367736;4.938366;,
  3.354247;9.307425;5.043143;,
  4.814507;4.118268;9.306641;,
  3.354247;14.516187;-0.000000;,
  3.354247;14.516187;4.220000;,
  7.352713;14.516187;4.220000;,
  7.352713;14.516187;-0.000000;,
  14.873550;-9.343186;4.938366;,
  14.873550;-5.496580;9.306641;,
  12.684658;-6.058290;9.306641;,
  14.873550;4.118268;9.306641;,
  13.638813;9.307425;5.043143;,
  13.638813;9.307425;-0.000000;,
  13.638813;13.353142;-0.000000;,
  13.638813;9.307425;-0.000000;,
  13.638813;13.353142;4.403798;,
  13.638813;9.307425;5.043143;,
  17.637286;13.353142;-0.000000;,
  13.638813;13.353142;-0.000000;,
  17.637286;13.353142;4.403798;,
  17.637286;9.307425;-0.000000;,
  17.637286;13.353142;-0.000000;,
  17.637286;9.307425;5.043143;,
  13.638813;13.353142;4.403798;,
  17.637286;9.307425;5.043143;,
  17.637286;13.353142;4.403798;,
  13.638813;9.307425;5.043143;,
  7.352713;14.516187;-0.000000;,
  3.354247;13.353142;-0.000000;,
  3.354247;14.516187;-0.000000;,
  7.352713;13.353142;-0.000000;,
  7.352713;14.516187;4.220000;,
  7.352713;13.353142;4.403798;,
  7.352713;13.353142;-0.000000;,
  7.352713;14.516187;-0.000000;,
  3.354247;14.516187;4.220000;,
  7.352713;13.353142;4.403798;,
  7.352713;14.516187;4.220000;,
  3.354247;13.353142;4.403798;,
  3.354247;13.353142;4.403798;,
  3.354247;14.516187;4.220000;,
  3.354247;13.353142;-0.000000;,
  3.354247;14.516187;-0.000000;,
  14.873550;4.118268;9.306641;,
  15.183858;-0.689155;9.306641;,
  16.177019;4.118268;9.306641;,
  17.637286;4.118268;4.938366;,
  16.177019;4.118268;9.306641;,
  16.177019;-3.521126;9.306641;,
  16.177019;-3.521126;9.306641;,
  17.637286;-7.367736;4.938366;,
  17.637286;4.118268;4.938366;,
  17.637286;-7.467741;0.000000;,
